-5916448760637943557,16,66,2017-01-14T20:56:22,Офис 5,0,00
-8483944551972774001,19,30,2017-07-09T20:31:14,Офис 5,0,00
7114611991142706795,58,45,2017-05-14T03:03:01,Офис 4,0,00
5622921311733430752,71,87,2017-07-31T03:37:57,Офис 10,0,00
-2973891655273469280,18,19,2017-01-22T23:29:42,Офис 1,0,00
4741055713805604041,70,14,2017-09-12T19:29:01,Офис 8,0,00
-2989578487352304262,64,08,2017-06-11T15:56:38,Офис 10,0,00
8250753274391120176,76,24,2017-05-30T13:27,Офис 4,0,00
728629609705295311,85,43,2017-07-14T13:04:45,Офис 3,0,00
5575132531855650692,24,69,2017-10-19T11:10:08,Офис 8,0,00
1479201060061151996,60,55,2017-05-31T08:20:44,Офис 7,0,00
-5017070450630672946,81,95,2017-09-24T17:29:16,Офис 1,0,00
-898358558588877759,11,71,2017-08-07T06:34:05,Офис 8,0,00
-3351866778617632048,12,67,2017-06-28T22:58:26,Офис 10,0,00
-7898907935922246947,41,45,2017-07-26T07:04:06,Офис 3,0,00
3ff927a0-dda6-4928-8bb1-a5a3c39df8cc,38,33,2017-08-11T21:47:57,Офис 9,0,00
0dbaf7e5-cea5-415e-8f58-e2ed03332361,20,04,2017-03-07T08:26:31,Офис 4,0,00
d816532a-52a2-4734-8ab1-1fe7fb988c59,62,54,2017-03-28T14:32:36,Офис 3,0,00
ef962b7d-b0c4-4faf-9964-dae1d651084f,44,14,2017-04-30T04:38:05,Офис 1,0,00
18034d2c-a64a-4a76-b08a-2ea4c41addd9,43,77,2017-02-12T10:22:16,Офис 10,0,00
